EpselonEngine[0]=90.000000;EpselonEngineTemp=90.000000
HiiEngine[0]=0.000000;
0.000000	0.000000	1.000000	
1.000000	0.000000	0.000000	
0.000000	1.000000	0.000000	
0.000000
-5000.000000
0.000000
EpselonEngine[1]=150.000000;EpselonEngineTemp=150.000000
HiiEngine[1]=60.000000;
0.000000	0.000000	1.000000	
0.500000	-0.866025	0.000000	
0.866025	0.500000	0.000000	
0.000000
-2500.000000
-4330.127019
EpselonEngine[2]=-150.000000;EpselonEngineTemp=210.000000
HiiEngine[2]=120.000000;
0.000000	0.000000	1.000000	
-0.500000	-0.866025	0.000000	
0.866025	-0.500000	0.000000	
0.000000
2500.000000
-4330.127019
EpselonEngine[3]=-90.000000;EpselonEngineTemp=270.000000
HiiEngine[3]=180.000000;
0.000000	0.000000	1.000000	
-1.000000	0.000000	0.000000	
0.000000	-1.000000	0.000000	
0.000000
5000.000000
0.000000
EpselonEngine[4]=-30.000000;EpselonEngineTemp=330.000000
HiiEngine[4]=240.000000;
0.000000	0.000000	1.000000	
-0.500000	0.866025	0.000000	
-0.866025	-0.500000	0.000000	
0.000000
2500.000000
4330.127019
EpselonEngine[5]=30.000000;EpselonEngineTemp=390.000000
HiiEngine[5]=300.000000;
0.000000	0.000000	1.000000	
0.500000	0.866025	0.000000	
-0.866025	0.500000	0.000000	
0.000000
-2500.000000
4330.127019
